spawns:
  default:
    world: 75740612-7402-4a48-8f37-d2844ff36ceb
    world-name: Survival
    x: -4485.5
    y: 69.0
    z: -3667.5
    yaw: -91.20171356201172
    pitch: -1.2003059387207031
