loc:
  world: lobby
  x: 48.490643
  y: 93.0000001
  z: 75.55234
  yaw: 1.0196846
  pitch: -4.980415
