Homes:
  main:
    X: -189.75906
    Y: 69.0
    Z: 108.749985
    Yaw: -160.61699
    Pitch: 29.558807
    World: world
