Homes:
  main:
    X: 401.5597
    Y: 76.44409
    Z: -297.62195
    Yaw: 9.382843
    Pitch: 55.833252
    World: Spawn
