spawns:
  default:
    world: 4cac5ad4-e878-4976-b087-07d8ba3c786e
    world-name: lobby
    x: 48.69598126216954
    y: 93.0
    z: 73.1419816267975
    yaw: 0.6641259789466858
    pitch: 10.859638214111328
